   2.0000000e+00   1.0186076e+00  -1.4451910e-01  -8.5816466e-01   9.3481861e-01  -2.7234693e-01   1.8239108e+00  -2.5520653e-01   1.2991203e+00   9.8745668e-01   5.3607816e-01
   2.0000000e+00   1.4118506e-01  -1.3244454e+00   8.3147795e-01  -9.2526644e-01   1.4868960e+00   1.0608070e+00   2.4176588e-01  -1.7230845e-01  -7.1113671e-01  -6.7169622e-01
   2.0000000e+00   6.5871761e-01  -1.7474847e+00   5.6447045e-02  -1.0057452e+00   4.9224825e-01   9.6650390e-02  -1.2925233e+00  -1.8736538e+00   1.7110810e-01   6.6345936e-01
   2.0000000e+00  -6.8353580e-01   5.5875884e-02   5.2336125e-02   1.3447634e+00  -6.6327458e-01  -1.5141834e+00  -7.1343506e-01  -7.0109050e-01   2.1159006e-01  -8.5749244e-01
   2.0000000e+00   7.2434134e-01  -5.1580853e-01  -1.3850838e-02  -9.5523868e-01   5.0324663e-01   1.3172793e-01  -6.7278153e-01   1.7391154e-01   5.6198632e-02   1.2275698e+00
   2.0000000e+00  -1.0598749e+00  -1.1566057e+00   7.8334181e-01  -1.8026134e+00   1.1640789e+00  -5.6189539e-01   8.7793425e-01   5.2056371e-01   1.2676460e+00  -4.6991229e-01
   2.0000000e+00   2.0947022e-01  -4.4539164e-02  -3.0973792e-01   3.4244858e-01   2.0628438e+00   1.3786978e+00  -4.8570514e-01  -3.9891132e-02   1.0008591e+00  -1.1398107e+00
   1.0000000e+00   1.5109125e-01  -7.6366065e-01  -9.3482418e-01  -4.5122593e-01   5.8794665e-01  -1.0475068e+00   1.3887765e+00  -7.6785840e-01   6.8310411e-01  -1.2216774e+00
   2.0000000e+00  -4.9936219e-01   3.2526966e-01  -2.1079718e+00  -2.9724282e-01  -8.5941011e-01  -1.1235224e+00   1.2184092e-01  -3.3411543e-02   4.8314375e-01   1.6054810e+00
   1.0000000e+00  -8.2265926e-01  -4.0409626e-02  -1.0702275e-01   6.0372149e-02   3.0702249e-02  -3.7233520e-01  -6.0734252e-01  -9.0076236e-01   2.3537679e+00   1.0122449e+00
   2.0000000e+00   2.8807697e-01  -1.2304296e-01  -3.9246373e-01  -3.9687711e-01   1.0614592e+00  -1.0390722e+00   3.1099662e-01  -1.1464667e+00  -1.3661700e-01   2.3072113e+00
   2.0000000e+00   2.1120264e-01   4.7059410e-01   2.4924657e+00   5.4330501e-01  -2.3364036e+00  -4.1460640e-01  -3.3248608e-01  -1.3057240e+00  -1.5828095e+00  -3.3276495e-01
   2.0000000e+00   1.3340118e+00   3.0949534e-01  -1.3400017e+00  -2.1373070e-01   1.8467869e+00  -1.5219362e-01   1.8688512e-01   2.1861517e-01   1.8344509e-01  -1.8425820e+00
   2.0000000e+00   3.7813801e-01  -1.1324668e+00  -3.0891424e-01   9.7995811e-01  -8.4861182e-01  -6.1159235e-02  -6.4903847e-01  -3.5367643e-01  -1.5959678e+00   1.2903810e+00
   2.0000000e+00   9.8069767e-01  -1.4105946e+00   2.3684367e+00   2.0274349e-01  -1.8131688e+00   1.3217033e+00  -2.4712616e-02  -9.2893630e-01   1.1353753e+00   4.4995050e-02
   2.0000000e+00   3.1499655e-01   6.1728392e-01  -1.6600581e-02   7.1937476e-01  -1.4350996e+00   4.0042034e-01   7.1813608e-02   3.3357793e-01  -2.8185242e-01  -2.2300956e-01
   2.0000000e+00  -8.7194115e-01   4.9219261e-01   1.3334139e+00  -5.4833795e-01  -5.3470036e-01  -2.2793352e+00  -1.0056637e-02  -2.2981382e+00   7.4774811e-01  -1.2055460e-01
   2.0000000e+00   3.4683688e-01   8.1354031e-01  -5.1293397e-01  -6.6436324e-01   1.5615414e+00  -4.1754648e-01   3.1097247e-01  -1.5876473e+00   8.3236490e-01   8.4159640e-02
   2.0000000e+00  -1.8845689e-01  -9.7437319e-01   6.1824135e-01  -1.3725179e+00   1.2473583e+00  -9.2605680e-01   1.2277505e-02   2.7340814e-01   3.8520946e-01   2.5680864e-01
   2.0000000e+00  -7.6212254e-01  -2.8812952e-01   3.1085156e+00   4.1002450e-01  -1.2514043e+00   1.0687298e+00  -2.5586229e+00  -7.9055658e-01  -1.1676432e+00  -3.0213509e-01
   2.0000000e+00  -1.8735613e+00  -1.5924018e+00  -7.6473980e-03  -1.8844919e-01  -5.1403543e-01   4.7763368e-01  -1.0184264e+00  -7.6042218e-01   4.9651618e-01  -4.8317994e-01
   2.0000000e+00   4.4149113e-01  -1.2029384e+00  -2.7364622e-01   3.6712107e-01  -4.5305185e-03  -2.4995330e-01  -7.0890779e-02   1.6133435e+00  -1.4536883e+00   3.5221381e-01
   2.0000000e+00   1.7786942e+00  -8.4461468e-02  -1.6023385e+00  -6.7882058e-01  -8.2030078e-01  -1.6786752e+00   7.2299268e-01  -1.9051050e+00   1.4366963e+00   3.0639783e-01
   2.0000000e+00  -4.0201595e-01  -8.7064159e-01  -1.5897666e-01  -9.4635093e-01   5.6516086e-01  -1.3221599e+00   8.2088165e-01   3.1037930e-02   2.2547217e-01  -6.8792400e-02
   2.0000000e+00   6.6722105e-01  -2.9323824e+00  -3.4950094e-01   1.8009514e-01  -7.6885092e-01  -3.6349936e-01  -1.4170582e+00   6.2559185e-01  -4.1278319e-01  -6.9426032e-01
   2.0000000e+00   1.4198602e+00  -5.8029923e-01  -2.9754270e-01   1.1168181e+00   2.3297289e-01  -1.9121461e+00   8.0078771e-01  -1.7455969e+00   1.6475088e-01  -1.1582699e+00
   2.0000000e+00   1.1513403e-01  -6.7998052e-01  -8.3368684e-01   1.9436354e+00   1.0102648e+00   4.6870173e-01  -1.1255306e-01   5.3349922e-01  -1.2101166e+00   1.4176210e+00
   2.0000000e+00  -1.5841591e+00   2.1515066e-01  -1.7199270e+00   1.4318659e+00   1.2576774e+00   6.7285562e-01  -5.4848245e-01   4.7386062e-01   6.1498082e-01  -1.9072071e-01
   2.0000000e+00   1.3612698e-01   7.2063269e-01   8.7106913e-01   4.8886700e-01  -6.7012470e-01  -2.7452388e-01   7.4841452e-01  -9.6153728e-01  -3.9266969e-01  -1.2735320e+00
   2.0000000e+00   1.3863447e-01   1.1768942e+00  -1.4912386e+00  -5.2209130e-01  -4.1661307e-01   1.4929983e+00   1.6537616e+00  -5.1175165e-01  -3.3972299e-01  -1.9021427e-01
   2.0000000e+00   2.4588460e+00   1.0775215e+00  -7.8232572e-01  -5.2960266e-01  -2.9110654e-01  -1.1086001e+00   6.2488758e-01  -5.5628279e-01   4.3160766e-01  -4.9240829e-01
   2.0000000e+00  -3.9054165e-01  -8.6629407e-01   1.4519030e-01   3.4056095e-01  -2.0736014e+00  -5.0090264e-02   1.3246441e+00  -8.6458615e-01  -1.1178752e+00  -8.0183934e-01
   2.0000000e+00  -1.0435036e-01  -6.3432334e-01   5.5652879e-01  -7.8814681e-01  -3.4514646e-01   5.6296647e-01  -2.8879597e-02   1.4896925e+00   9.4293532e-01   6.8499742e-01
   2.0000000e+00   8.0320505e-01   4.4496261e-01   2.6517305e-01   1.0980178e-01  -3.6066287e-01  -2.4984581e+00  -9.3677191e-01  -9.0580329e-01  -6.9445768e-01  -1.3632210e-01
   2.0000000e+00   8.9409532e-01  -6.8990932e-01   3.3595167e-01  -1.3848244e+00  -4.9186173e-01  -4.2793181e-01  -3.1744091e-01  -3.7916833e-02   1.7465211e+00   2.3440247e-01
   2.0000000e+00  -1.3155199e+00   1.5790520e+00  -9.0431105e-01   3.5096485e-01  -1.6230503e+00  -8.7949994e-01   6.7785992e-01  -5.7699502e-01   3.2763599e-01  -6.4094918e-01
   2.0000000e+00   1.3909906e+00   2.5297354e-01   6.6770208e-01  -2.5326987e-01  -1.2349304e-01   8.4031267e-01   5.2130347e-02   1.5368525e+00  -1.8258894e+00   1.5547467e+00
   1.0000000e+00   5.2789975e-01   7.7043003e-01  -1.0338723e+00  -3.9833212e-01   3.9852794e-01   1.4093487e+00  -1.5668613e+00   1.0148937e-01   8.4371681e-01  -8.2242808e-01
   2.0000000e+00  -5.5443052e-01   1.1893682e-01   2.0071643e+00  -8.4672262e-01   1.3250564e+00  -3.3674141e-02   3.0119253e-01   1.0704061e+00  -1.3488152e+00   7.3613327e-01
   2.0000000e+00  -6.7712420e-01   4.8677101e-01  -5.2214468e-01   1.5615357e+00   3.9145486e-01   1.2254409e+00  -4.2816933e-01  -1.1050883e-01   7.8467683e-02  -6.9203000e-01
   2.0000000e+00  -1.1919474e+00  -8.9742796e-01   1.4172967e+00  -1.6719928e-01  -1.6988766e+00  -2.4838218e+00   3.6773414e-01   2.0711051e-01  -6.8175502e-01   1.2452965e+00
   2.0000000e+00  -1.5419263e-01  -8.7834433e-01  -4.1514265e-02   1.5761940e+00  -3.0207350e-01  -1.4465698e-01   1.5634579e+00  -6.2776948e-01   8.2001849e-01   1.6913228e+00
   2.0000000e+00  -1.2215735e+00  -8.0795842e-01  -2.6307133e+00   6.9464359e-01   1.1484902e+00  -6.3997776e-01  -6.2413155e-01   7.0524739e-01   1.2884002e+00   6.8450857e-01
   2.0000000e+00  -7.2241805e-01  -1.6784214e-01  -6.5704089e-01  -1.2863187e+00   8.7460679e-01   7.0650252e-01  -1.4949919e+00   1.6604956e+00  -1.0881810e+00   6.8809432e-01
   2.0000000e+00   1.1288540e-01   6.0038006e-01   4.8973678e-01  -3.3372287e-02   2.0323174e+00   1.2020663e+00   2.5701139e+00  -1.9921297e+00   1.3731778e+00   1.6749621e+00
   2.0000000e+00  -1.1803195e+00  -7.6833571e-01  -1.4507592e+00  -1.1956620e+00   1.6087356e-01  -4.2143432e-01   6.9994790e-01   6.5672736e-01   8.5991982e-01   3.1422486e-01
   2.0000000e+00  -4.9498243e-02  -3.1147936e-01  -1.1827906e+00  -1.4619050e+00   2.7953839e-01  -7.2659140e-01   8.2595633e-01   9.7418158e-01  -7.8175344e-01   6.5734044e-01
   1.0000000e+00   7.7756314e-01   6.0103143e-02  -9.3745131e-01  -8.4468870e-01   4.6529472e-02   1.1533224e+00   1.8888668e-01   2.0002134e-02  -4.6393307e-01   2.4920662e-01
   2.0000000e+00   3.6645423e-01  -1.3296281e+00  -2.4295808e-02  -5.6538390e-01  -4.9270600e-01   1.5912824e-01   6.3402700e-01  -9.6468408e-01  -4.1013181e-01  -8.3463103e-01
   1.0000000e+00  -3.2859614e-01  -1.7169305e-01   3.4651124e-01   2.0576864e-02   8.3693485e-01   8.0919913e-01  -1.6920077e-01  -7.7583124e-01  -8.0720340e-01   5.1731370e-01
   2.0000000e+00   8.9213946e-02   9.4190041e-02  -4.3379468e-01   1.9104408e-01   1.4801839e+00  -1.9019815e-02  -5.1416012e-01   1.6391226e+00  -1.3741697e+00   1.8684192e-01
   2.0000000e+00   2.2758276e-01  -1.2135304e+00  -7.8896400e-01  -6.9899787e-02  -2.6739640e-01   1.8373358e-01  -4.3903981e-01  -5.5208818e-01   3.5290124e-01  -4.5068159e-01
   2.0000000e+00  -1.2779680e+00   4.0278099e-01   2.2211669e-01  -5.9790901e-01  -1.0397413e+00  -1.5798839e+00   3.8801965e-01   1.1731207e-02   2.1337257e+00   1.0477973e+00
   2.0000000e+00   1.8476605e-02   3.0043984e-01   1.1734800e+00   1.7813825e-01  -2.4231316e-01   6.6928393e-01   5.8166368e-01   1.3586410e+00   1.6585337e+00   1.2653700e+00
   2.0000000e+00  -2.6213163e-01   3.8712892e-01  -1.0864280e+00  -1.7895921e+00   9.3420554e-01  -1.3461142e-01   5.0316674e-01   1.0508604e+00   2.1265943e-01  -2.4194033e-01
   2.0000000e+00  -5.7479801e-01  -9.8456636e-01  -1.3837488e+00   9.4694803e-01  -1.0210601e+00   6.4922330e-01   2.3926965e-01  -8.3146648e-01   2.5539647e+00   2.2635399e-01
   2.0000000e+00  -1.5465014e+00   3.2355680e-01  -7.0917856e-01   9.6980766e-01  -1.6646205e+00  -1.3678332e+00   2.2338951e-01  -8.8199450e-01   9.3746102e-01   6.6735072e-01
   2.0000000e+00  -7.6240363e-01   8.3871895e-01   7.0800742e-01   4.7637644e-01  -1.6607448e+00   9.0774771e-01   3.4330356e-01  -2.6090680e+00  -3.5191075e-01   2.2109295e+00
   2.0000000e+00   1.2755264e+00  -3.8762272e-01  -7.2482740e-01   1.1953002e+00  -3.0598759e-01   2.7420439e-01  -3.3679736e-01   6.9621630e-01   2.4370279e-01  -1.1941315e+00
   2.0000000e+00  -1.0375132e+00  -7.7645863e-02   2.1269127e+00  -6.2498407e-01  -1.2938518e+00   1.0365015e+00   2.5947119e-02  -1.2600581e+00   2.9102855e-02  -4.8301043e-02
   2.0000000e+00  -8.6061680e-01   7.3642563e-01  -6.4170360e-01  -4.6698222e-01  -3.0020346e-02  -6.9983256e-01  -3.6867982e-01   4.1835786e-01   1.7306172e-01   2.7472706e-01
   2.0000000e+00  -1.0618505e+00   2.0465548e-01   1.0793976e+00  -3.1718748e-01  -7.1068852e-01  -4.2960868e-01   6.0105296e-01  -1.4788755e+00  -1.8440619e+00  -1.6199342e+00
   2.0000000e+00   4.1458440e-01   1.3128027e-01   2.9522592e+00   1.5763069e+00   1.0933680e+00   7.9588313e-01   2.7150626e-01   8.1719957e-01  -6.8997261e-01  -2.6808531e-01
   2.0000000e+00  -3.1747858e-01  -6.6970704e-01   3.8597518e-01  -1.0509672e+00   1.5460495e+00  -3.3522016e-01   2.9912003e-01   8.2287895e-01   1.1351150e+00  -2.0324325e-01
   2.0000000e+00   1.0340992e+00   1.1384729e+00  -4.7327730e-01  -3.5240202e-01   1.6472227e+00  -1.1849684e+00   1.0626764e+00  -1.0416506e-01  -4.0933383e-01  -2.2292433e+00
   2.0000000e+00  -1.1553827e+00  -3.7078799e-01  -1.0681728e+00  -2.4387521e-01  -3.5070406e-01  -1.0086706e+00  -4.6609744e-01  -9.0091919e-02   1.3355424e+00  -4.6602378e-01
   2.0000000e+00   4.2239542e-01  -1.9200038e-01   1.5096985e+00   1.2658348e+00   6.0089814e-01  -2.3055402e+00  -9.1324188e-01   6.5889173e-01  -2.3248489e-01   7.7886024e-01
   2.0000000e+00  -1.2722870e+00   7.3637225e-01   2.4963170e-01   1.9085032e+00   3.9123443e-01  -5.6460367e-01  -1.2432138e-01   2.6388741e+00   8.8779417e-01  -1.0318692e+00
   2.0000000e+00  -1.0451979e-01  -1.2991457e+00   4.1166955e-01  -3.5053581e-01  -6.3127591e-01   2.0964415e-01  -1.9510769e+00  -2.1377475e+00  -3.9456860e-01   6.8911698e-01
   2.0000000e+00  -9.5008740e-01  -4.6834846e-01   4.7658854e-01   2.6688337e-01   1.1675601e+00  -1.7332370e+00  -1.1260836e+00  -6.6361381e-01   3.7812912e-01  -4.2319294e-01
   2.0000000e+00   2.1960239e+00  -2.7437630e+00   4.8468729e-02  -1.4622868e+00  -1.8571475e+00  -3.4326121e-01   1.4003555e+00  -5.9282383e-01   6.9529136e-01   6.3534879e-01
   2.0000000e+00  -6.5687145e-01   7.2519707e-01   1.1672967e+00  -1.0130392e+00   3.3184734e-01  -3.5504536e-01  -1.0901047e+00   3.6968403e-01  -8.0385472e-01   6.8818849e-01
   2.0000000e+00   7.5485045e-01   4.2667205e-01   1.1103183e+00   2.9863037e-01  -1.2416986e-01  -1.2392800e+00   2.7550814e-01   8.6986573e-01  -3.6415915e-01   6.2780289e-01
   2.0000000e+00  -4.4619303e-01  -2.3242281e+00   9.7518083e-01  -1.3244767e+00   8.5368993e-01   1.7497683e+00  -1.6498527e-01  -1.0270115e+00  -1.1137774e+00  -3.5050196e-01
   2.0000000e+00  -1.8307891e-01  -1.9861133e+00   1.0335848e+00  -8.4616863e-02   1.1130067e+00  -8.8943199e-02   5.4688880e-01   2.8684776e-01  -7.4326959e-01  -3.6741656e-01
   2.0000000e+00  -2.6091877e-01  -8.4558560e-01  -1.4322024e-01  -6.2211463e-01   8.0911611e-01  -1.0315181e-01  -5.6106600e-01   5.3993053e-01  -2.8829770e-01  -1.7211484e+00
   2.0000000e+00   5.3602745e-01  -1.6963308e-01   1.0023682e+00   8.9229990e-01  -1.5746597e-01   2.4571813e+00  -1.6047701e+00  -3.6898940e-01   4.3259167e-01   1.1903975e+00
   1.0000000e+00  -3.3266752e-01   1.3048575e+00  -2.5058880e-01   6.3114113e-01   4.2190958e-01  -3.7722782e-01   1.4704023e+00  -1.2051549e+00   1.3611503e+00   2.3979019e-01
   2.0000000e+00  -2.6201740e+00   2.5148338e+00   2.0033505e+00  -6.8845689e-02   1.2787988e+00  -9.9965203e-01  -1.3437167e-01  -8.8423223e-01  -6.2936324e-01   4.0203374e-01
   2.0000000e+00  -2.0242560e+00  -4.7032480e-02  -3.8393098e-02  -1.7487511e+00  -6.4456033e-01  -1.1845865e+00   5.9793190e-02  -1.1817330e+00  -2.0582764e+00   2.7327773e-01
   2.0000000e+00  -1.4903863e+00   1.3271362e+00  -2.7303804e-02  -2.5439650e-02  -1.0423792e+00   1.4621252e+00  -1.5737774e+00   9.5680498e-01   1.6889403e+00  -2.1709068e+00
   2.0000000e+00   7.2960542e-01  -3.2674750e-01  -4.4665694e-02  -9.9443731e-01   9.4349586e-01  -1.8969817e-01  -1.1107840e+00   2.0272980e-02   4.0246471e-01  -1.8221236e-01
   2.0000000e+00   1.0693679e+00   4.8648285e-01   1.0848236e-01  -7.0338044e-01   1.1370679e+00  -1.4694054e-02  -2.1888181e-01   2.0950787e+00  -8.8778222e-01  -2.3377073e+00
   2.0000000e+00  -2.3878879e-01  -1.1167606e+00  -7.5452304e-01   2.2613649e-01  -1.0950022e-01   8.2805217e-01  -7.1484144e-01   9.3228785e-01  -8.2674298e-01   1.6229974e-01
   2.0000000e+00  -8.6170648e-01   1.1195753e+00  -2.2015687e+00  -1.2874729e+00  -1.1862739e+00  -1.4253567e+00  -6.9812053e-01  -1.5675002e+00   9.2217386e-02   7.3080141e-01
   2.0000000e+00   4.9867192e-01  -7.9264918e-01  -4.8694977e-01  -1.1868343e+00   3.9491906e-01   7.8278185e-01  -6.5204150e-01  -1.2950156e+00  -3.2533953e-01   2.0415585e+00
   2.0000000e+00  -2.9164183e+00  -1.8626776e-01  -2.0619777e+00   5.6447787e-01  -8.2417649e-01   1.4339050e+00   2.8375700e-02   6.2143051e-01   4.1982239e-01  -6.9769566e-01
   2.0000000e+00  -2.8262230e-02  -1.7777746e+00  -1.6003273e+00   1.0405145e+00   3.9601396e-01   1.0140782e+00   4.3595503e-03   3.5427366e-01  -7.3094969e-01  -5.6144905e-01
   2.0000000e+00  -8.5869673e-01   1.7041625e-01   7.8386583e-01   6.1916795e-01  -4.0488673e-01  -7.7415324e-01   7.6392257e-01  -1.6878084e-01   1.0155954e+00   1.4667688e+00
   2.0000000e+00   1.4588757e+00  -1.7643486e-01  -1.4755774e+00  -1.8290955e+00  -1.5436622e+00   2.0588532e-01  -5.8022933e-01  -1.0613667e+00   1.3627965e-01  -1.5317410e+00
   2.0000000e+00  -2.6231291e+00   1.4504756e+00  -1.5191636e-01   3.2948886e-01  -1.4238547e+00   5.1487676e-01  -1.2567912e+00  -3.2467183e-01  -1.2464008e+00  -7.0214554e-01
   2.0000000e+00   5.2437167e-01   5.1434754e-01  -5.9351638e-01  -2.2965699e+00   1.7036109e-01   3.6665304e-01  -7.9063961e-01   2.3974475e+00  -1.5210508e+00  -2.5546050e-01
   2.0000000e+00   1.3637198e+00   3.7111000e-01  -3.5449655e-01   4.4900504e-01   8.6776660e-01  -1.3350763e+00   1.1330169e+00  -3.9794715e-01   1.8729026e-01  -8.9371862e-01
   2.0000000e+00   5.2037975e-01  -5.3166209e-01  -2.0903886e-01  -1.3503520e+00  -3.1439870e-01  -9.2600631e-01   4.0748977e-01   7.0401619e-02   4.7366249e-01  -1.2822973e+00
   2.0000000e+00   2.9909542e-01  -4.8700730e-01   2.2732218e+00   1.8948660e+00  -5.7531210e-01   1.8953646e-01   1.7358830e+00   1.5717849e+00  -9.6901095e-01  -1.3259037e+00
   2.0000000e+00   1.3548336e-01  -1.6701741e-01  -4.4467802e-01   1.6401223e+00   1.4817223e+00  -2.4181554e-01   1.3600452e+00  -5.4372712e-01   1.5390167e+00   9.4072901e-01
   2.0000000e+00  -5.8029723e-01  -5.5424886e-01   1.3911370e-02   7.5557147e-01  -1.7618918e+00   1.7422620e+00   1.3380935e+00   4.8779327e-01  -1.9788584e-01   5.1624127e-02
   2.0000000e+00   3.3410432e-01  -6.7449270e-01   4.5451833e-01  -5.0685297e-01  -3.1901117e-01  -2.4061687e+00  -2.1133155e-01  -1.2806003e-01   2.5097347e-01   1.0118241e+00
   1.0000000e+00   6.6152001e-01   1.2385973e-01   1.8207093e-01  -5.7189473e-01   2.9923075e-01   4.1431187e-02   4.9242724e-03   3.1010255e-01  -3.5085361e-01   2.1405670e-01
   2.0000000e+00   4.6113491e-01   3.4834938e-01  -1.8475165e-01   6.6249328e-02   1.0675194e+00   4.0762569e-01  -8.9918801e-01   4.3680146e-01  -1.9568195e-01  -1.8062749e-01
